24,24,3
-6.331924473446664
6.442698018386718
-7.260168841291894
3.8341531222234737
0.5272908887713978
12.676595354453381
5.613284454682602
-3.7676863268529672
-13.611838550777948
-4.157498487548854
10.414666288494926
1.2203926243496594
-5.120649057174061
-4.787762133888146
8.053451928656854
-2.360264407963982
8.85656976798588
1.4206879730779314
6.435018771339461
-8.409689570782298
-2.5952127084659296
-4.111579116312945
-1.8440719771425882
3.4827096405419153
6.577100174493562
-12.66373375154615
-6.063836246638623
0.9021831408315205
-5.120908215921056
1.5221064433786102
-2.3520398610371807
5.4194837196638055
10.214410235197727
-0.8002836285744338
-0.7511184328582763
1.2635227312355015
1.351543877130203
5.268003061288776
-10.807747899331563
12.622891196876786
-1.6568466579911405
3.9806111293726474
0.8021461155813391
2.6513594407479726
7.742552684136912
2.9815326961202686
-4.805081001484955
0.5441694281656272
3.2575838714080336
1.5759406556083153
7.329299694315296
1.1514434693800382
0.05662726792708378
15.272515949466966
8.339389410272739
-16.30813267667572
-19.860656713494475
12.166961807412354
-8.529695728021913
-0.20050149880781992
-5.058336245655561
-2.933377057329007
11.624534818296828
0.8932406930083601
4.764466146068975
-3.2280249127222524
-5.832374601111892
5.128939941885959
-7.684059398423198
-3.2182289155447625
-7.969656960114933
3.475466929040264
1.6625009129464896
-1.6305029915638851
-8.937150272886745
-4.09551947252554
7.431248547385257
14.043697551057125
-5.656507037465596
1.0812155141447044
-6.2553003383256875
3.852674936308509
9.20551181846065
-1.9937628205126359
-5.100832021055434
-0.797270967748923
4.828084660459655
8.949173877997044
3.8187409933018417
-8.265038954039555
7.832626591821153
-4.7433464411937205
-5.9309241826869545
-10.573194473521985
8.88515542126654
-6.504141627128413
-11.310271100364181
-0.5494067108478676
6.0454016021547785
-6.109036089402125
8.446567401185458
-6.764285577262248
-0.34223977447112636
-7.5714345323843
-5.144077039630943
-8.85176008257201
-2.9380450049296276
2.554387990433792
2.4003765554795655
2.4607941025669278
-1.3010109770487661
-3.282350172038504
1.3885863952648663
6.803507503314579
1.5317086713746257
0.4463656634958089
-0.7884549954875021
1.1371389125355438
8.534263948485334
-0.7264277092325829
2.151459130425862
-2.274924443109036
2.4001096545464793
10.12368581125933
-0.9299545399340161
1.881089069767466
-7.026906294133839
5.096335014893458
-1.5871352395514484
-7.075200656625951
-7.842654582846917
-6.660545951331936
3.912425768184989
-3.3292267664332167
9.640622891570096
1.0947244875010964
-4.532494617343405
-3.7067913218801865
0.26048016334765367
3.1365636764374303
4.200606273770312
-6.201651340286045
-3.468750583853619
-0.8572007255300822
-5.405893494618659
0.11179077657789094
-2.4718218663922555
7.403134729619449
5.039966893034843
-1.8052691967778565
-3.296766968352497
-0.25048408488766694
10.975794249759769
-0.11295899011904065
-3.15889782599926
8.507764856358179
-7.793376735192005
1.0387204447695857
-2.821411546106712
2.9584735193979785
-0.14328953136361278
4.823964004583248
-2.7602100024810157
-3.135465096623554
-3.1354430686017927
1.2230096121453933
15.160943974314069
1.0123023743260862
3.5234039828043118
5.974437507606257
-8.358326123654994
6.820423305575929
4.735805257358787
22.427406964559616
-8.231038680594047
3.067469011134344
-21.95806978226328
2.4801512833864146
10.335010075025266
1.714922421866528
6.166446339211637
0.5955884398566879
3.456825212851444
1.9480238858850825
3.067779766949813
-3.6868359872406633
4.872110332445857
3.6398981332470988
-0.05634771518939398
-6.798759960915193
-2.107379134628478
-11.440707057382582
-0.7523153681752418
2.9795215619267177
-1.5646564051097378
13.04491945416227
0.14752565155749076
-5.5653970003903686
-5.585802507979685
-2.6940628637205943
6.361895507036877
-3.2963900314440435
3.132949000537751
0.04969424800229226
-0.7055044058975908
-3.327147979688631
-2.306656814657968
-3.7532905262697414
5.576330437900621
3.2905442419317765
7.27247183455002
0.35500421064574955
-8.760889715898664
-0.41493887050876743
-2.9925165905362316
8.783479938288295
-12.421167062597986
-11.911946644727383
-0.8086367858684638
8.816722521782678
-13.868525718885428
-2.2826744406083277
5.369560568848042
3.149919894486341
8.327448424053681
-3.728419059519707
3.4370498727164485
0.8027048307922932
0.4132794859116941
2.7773208217404153
2.064616125813421
1.0595046842777378
-0.23116363657772893
1.3884508409841874
2.3584100217194055
4.87873996479816
-5.67642486387813
-3.0233002300386165
-4.653435831214314
-3.947663784937995
-2.0186669929048695
-0.7163882226826835
2.0523488170389435
4.837073869688175
0.06311132167765093
-1.4283265667534102
7.990405033327192
-1.1448563993807555
-5.230150867116959
-0.734543085649064
0.0030316240545751327
-2.799813889950336
-2.439991636546072
5.164345221610512
-0.5013095465820014
7.441804700305021
0.29042371411341494
-1.233176762433905
-0.9624976812165209
-2.3564259866010415
3.3492782049970233
-5.453212203308119
2.3845121239638596
-9.624303070854497
-6.619717508573961
-5.2014918147699944
-5.1993111855942
1.102771614915614
0.9215152622577953
1.0697505883450649
1.9298993910518014
1.3107748691463998
2.6315930842490824
-6.625639242938938
-0.3742470242650368
-4.908956508036242
2.682040836199625
3.85422305353247
-1.4738763410032072
0.05478118142341523
2.6202523777113447
0.6550003925281763
3.2011517175459274
-0.4596411333263314
-9.243322729815016
-1.210107016087575
-4.100415140500076
6.316543853795601
9.898033713018833
3.353790505842035
-2.8686217346169838
-9.06954125748777
-3.2464998071824986
-6.309257329309274
0.8263634417557657
-9.05204889610734
4.779547027886874
-5.81622616726302
2.4765299768424955
2.279964536345898
3.4536360292732793
-2.2210103261279115
3.7763178512602247
3.3354431038353436
5.370415859987559
11.203703895696009
-9.57235797068342
-9.93609731498989
2.273940451409522
4.858453599195493
8.396075864238341
6.845830319510575
9.539116793429063
8.308946643259537
-13.851826126176508
11.441000251167374
-8.446211280637673
-6.833426059044225
8.101616448857385
-3.2752802718200487
-2.1589761217453076
11.56653668787728
7.217733389400215
1.1844543814958906
10.831594488367038
1.6726317263518837
-1.851958558236015
-6.801596649982653
-6.334771327916813
-0.13732040429862818
6.64101029390775
-2.5409150307460755
4.344519963418107
-2.0407312620134803
9.335153320731441
5.484764103386247
-2.2086298978417327
-3.070465201924564
6.057737477954219
7.6753980271924265
-11.083335100137337
-9.866960493158508
4.292083847081396
-8.869214384503394
7.342505290386149
-5.41229021074058
-1.614432331717111
-1.4332192132916517
-10.647721450959283
1.9977965896073353
-2.191243680594111
-4.968143408419673
-5.702857786361564
-1.4684268459742267
-14.10078175791651
-2.5471230839727945
0.39910619852369067
-2.2687674370997337
-10.512561135211904
4.030872931263719
-10.60321728352203
-7.433906930747475
5.9624261586370695
-5.03197736561526
-4.521545059873887
4.381695065028855
-18.508546303980115
1.7810678292780282
5.120881316440003
-2.8377527615830376
-3.681402356138866
1.9001385219254205
3.3716328819775923
-7.931997748755402
-12.399845126255764
0.33551024380896505
-3.9958189261818964
-1.697159322512225
-8.97240406755672
0.7485231735145013
1.6010403128182014
3.851334448791343
9.0885439599901
-0.9564859112557772
0.4018078496144869
4.469005136246354
-7.487891732187824
-1.8305833133887155
4.170603910890851
-1.5343817248168805
-2.5387504142647974
5.7917500449431385
-9.13754065985338
1.681705676849358
5.83261722200399
0.172266584088466
1.4485391644339722
0.12389217248572415
1.2170308744046094
-1.9345309761616531
-2.4453599581190497
3.2555542190688747
5.105592247299679
1.0816001706005414
2.0630975421317137
-3.532239901339365
-2.533543061038417
1.1040143010522465
-0.4941357548376244
-5.050932361599164
-1.6379008747276822
-2.2141036786872657
3.7606573836952712
2.434575990233718
5.250641145496697
-7.218774733201482
4.819747347779851
2.2317955360488178
2.7784210150943514
0.3826461568761965
-6.890668947201831
7.045676684761736
-5.33213700117011
5.467516766158985
-1.0987472989775537
-0.06074721012843787
-2.980999781377033
-11.482725626513057
6.13685825292775
1.694870543758046
-9.063856757553248
-4.341850047880055
4.831554637154742
2.6133772734206073
13.477238272011784
-5.792869643584415
-6.889357786930644
0.5955293920052411
-0.08952752901134514
3.829311676109244
5.487613584991507
-1.0196537234881629
7.117970943187593
-7.531607245424308
1.9913519688695591
0.23535331237068505
-4.715210184204545
-2.27497520048653
-12.1823310710799
-7.953837128423238
-5.758890137072188
0.7861836789378578
-6.133079362444699
6.772993318096891
-7.973242553105903
-4.666235926725297
-9.12840564428151
-3.0695356553832505
-3.863458816518084
0.6820095386426558
2.889199990903914
-1.2104925179205024
-6.145856108803067
2.5778990567399482
-4.633536910617969
7.8083519633952045
3.7182624923961196
-4.92476448654038
1.1529173438068683
0.6929315822585694
9.56810457972745
12.885130535430063
3.8877689486949167
-4.481924471670316
-13.311030759750707
6.377046138383465
-2.943920707607664
-10.780224297761567
0.2105919492041861
4.034025116071322
-3.457811478570153
-5.961291384985001
-5.261038809728901
-1.940297669568634
1.8468286493890158
1.3441691513429492
-2.379237646299555
2.592637701866293
9.516370152283903
-6.679201383669099
16.91624719819487
2.2405875784028693
-0.6511354967925449
2.0994204761602906
-10.879185802859302
-0.8169520274008018
1.8953784138688847
-3.8497953353609184
0.27168473391887876
-5.27741144273633
-2.028729206474357
3.2297359010807365
-0.8713962897938418
-0.6591793324919403
1.3870118479064784
-0.006785964412770962
-0.7929175358513387
-9.110516945962164
1.1489725528354344
9.53507562382397
0.4648435024754167
7.261647245580441
0.39476500439930196
1.2739117767000787
1.1007434696091298
1.945917179170963
7.409367909098602
-0.7405157836475043
-7.29824706711386
-7.0256488201290175
-4.660294402535414
-8.748483973850178
-11.108223897689149
-9.130375407395011
-2.4980332289125
7.153031598523387
-5.6396608959561005
-7.881739614810072
-4.613364426875535
5.552867273221772
1.8250410279326719
2.1810761500020313
-2.7800891389466527
-8.080193492620618
-9.765148721002731
-10.460734875805787
2.0998194061800337
-8.307865132050813
-5.5379638306424654
6.988936909675744
-5.5288459710604325
-2.3236460614071928
1.2020274151833052
6.302722232739864
10.328912101725535
10.039685403696105
-7.981529616916599
-5.428476392170128
9.78871654239669
-10.04992608354456
-5.532982566727673
-1.446182894394827
2.2289457855237425
4.402731394590781
-7.994620617011327
6.719676124168353
10.696018556430747
-11.292487192107487
-1.7190529293286776
2.5061992394371213
2.4922916999614904
-10.04860589287541
0.7727146543886255
-1.972008646233387
1.9263506544507845
4.601093621905848
10.59742479641475
0.06178398914555039
-5.687297448311656
7.021797514784828
1.6464287094271217
3.2819459491277954
10.909842086094493
-4.817035427047118
0.1191941360246456
3.506331456794151
-6.35123483738126
2.8578332315896584
5.483122578803672
-4.310854711445518
7.747969265296622
4.581084354736232
7.314671543217387
-6.504898345182946
5.379410584528777
-3.762575864022243
3.5118403484128735
-9.050740310748052
-0.42291783329572924
2.9225296275793715
-3.744922499153068
-14.428240466457325
4.2298862384694464
10.973958210152198
3.7411282973750066
8.461339679921716
5.016906044008486
-6.483060042295456
-10.42639900952908
-1.5184874644825446
15.304448528459018
-8.37497319345437
-4.838202801266094
-4.232669418848952
-1.9300789290042843
3.3622443777446835
-2.0001013339421774
-9.985552750103931
2.628757107482052
-3.5298657111739713
-4.679246637896299
-1.4757594225446726
-1.0606029196058944
-3.76455960955449
0.3920130850377014
-1.8072666302570206
-2.1583146432777935
-1.6861830581064128
-5.565140058538848
14.502764873969936
-6.363458486742375
2.757852919314859
0.08865086627280402
-2.9337587698012144
9.246636290767528
-4.419913283553261
-1.7362181111998245
5.127095979812986
-6.935837744226557
2.9878896037894402
-5.7456217920537656
-1.0854742080990127
-3.8786626357740057
2.4884232410673084
6.30033293671492
3.3378426844169296
-0.4128455845218059
-1.2353395158845244
-10.790330489961896
9.032873060024881
-14.75113102371401
5.026563721938666
-1.9626174021157867
0.8928863204100946
2.2383647178386252
-0.3658603897685512
2.255836076137924
-6.757236920709901
-10.82061417773779
-5.968134274249062
2.9996351439384066
-0.5156351556764055
-14.765412784049067
-4.314033738712344
-2.161811671752713
-6.499216932823834
4.889805908500814
-5.430996126508684
-3.698668851040927
-7.250061844143694
-6.788414977700603
-7.098478702793106
-2.1369247275650434
-0.2555827542774225
-4.5441060290180015
-8.361501987332765
0.8349428034754514
-5.312072646466801
-12.53420269010478
4.654739585020424
-8.806211163593888
-3.648782308236426
5.348861930822244
0.6154421993484914
0.8888065792119897
